C:\Users\alexa\Desktop\aaa
4 11 1 1 0 0 -16777216
0



0
C:\Users\alexa\OneDrive\Documents\a
4 11 1 1 0 0 -16777216
0



0
C:\Users\alexa\OneDrive\Documents\aa
4 11 1 1 0 0 -16777216
0



0
C:\Users\alexa\OneDrive\Documents\aaa
4 11 1 1 0 0 -16777216
0



0
C:\Users\alexa\OneDrive\Documents\aa
4 11 1 1 1 0 -16777216
1
-16776961 
4 
807 552 
275 427 276 427 277 427 277 426 278 426 278 425 279 425 281 424 282 424 283 424 284 423 286 422 288 421 289 421 291 421 293 420 297 418 302 416 307 414 309 412 315 410 317 408 322 405 327 402 329 401 331 399 334 398 337 395 341 392 346 389 348 388 351 386 357 382 364 379 366 377 370 375 374 372 377 370 380 369 385 366 391 363 394 361 398 360 402 358 405 357 408 356 410 355 413 353 415 352 417 352 418 352 419 351 422 350 423 349 424 349 425 349 426 349 427 349 428 349 429 349 431 350 432 351 434 353 435 355 441 360 445 364 446 366 451 370 453 372 457 375 460 377 462 380 464 381 466 383 468 384 470 386 472 387 473 389 477 390 478 392 479 392 482 394 484 394 486 396 487 397 489 398 491 399 492 400 494 400 495 401 496 401 497 401 498 402 499 402 500 403 501 403 502 403 503 403 504 403 505 403 506 403 508 403 510 403 511 403 513 402 514 402 516 401 518 401 518 400 519 400 521 399 522 399 523 399 524 398 524 397 525 397 525 396 525 395 525 394 525 393 525 392 524 391 522 391 521 390 518 389 515 388 514 388 513 388 511 388 509 388 506 388 504 388 502 388 496 388 492 388 485 390 480 390 477 390 467 392 463 394 457 395 439 399 432 401 426 403 411 407 404 409 397 411 391 413 380 416 373 418 366 420 359 423 355 424 
00
